    00000000000000000000000000000000000000000000000000000000000
    01111111111111111111111111111111111111111111111111111111110
    01000000000000101110000000000000000000010111000000000100010
    11011111111111111111111111111111111111111111111111111111010
    10010000000000011111000000000000000000001111000000000001010
    11110000000000011110000000000000000000001110000000000001111
    00000000000000000000000000000000000000000000000000000000000
    10100000000000010010000000000000000000001010000000000001001
    10100000000000010010000000000000000000001010000000000001001
    10100000000000010010000000000000000000001010000000000001001
    10100000000000010010000000000000000000001010000000000001001
    10100000000000010010000000000000000000001010000000000001001
    11100000000000011110000000000000000000001110000000000001111
    00000000000000000000000000000000000000000000000000000000000
    00000000000000000000000000000000000000000000000000000000000
    10110000000000010110000000000000000000001011000000000001011
    11111111111111111111111111111111111111111111111111111111111
    11110000000000111111000000000000000000011111100000000101011
    11111111111111111111111111111111111111111111111111111111111
    11110000000000011110000000000000000000001111000000000001111
    00000000000000000000000000000000000000000000000000000000000
    00000000000000000000000000000000000000000000000000000000000
    10100000000000010010000000000000000000001010000000000001001
    10100000000000010010000000000000000000001010000000000001001
    10100000000000010010000000000000000000001010000000000001001
    10100000000000010010000000000000000000001010000000000001001
    10100000000000010010000000000000000000001010000000000001001
    10100000000000010010000000000000000000001010000000000001001
    10100000000000010010000000000000000000001010000000000001001
    10100000000000010010000000000000000000001010000000000001001
    10100000000000010010000000000000000000001010000000000001001
    10100000000001111111100000000000000000001010000000000001001
    11100000000011000000110000000000000000001110000000000001111
    00000000000110000000011000000000000000000000000000000000000
    00000000001100000000001000000000000000000000000000000000000
    10110000001000000000001000000000000000001011000000000001011
    11111111111000000000001111111111111111111111111111111111111
    11110000001000000000000100000000000000011111100000000101011
    11111111111000000000001111111111111111111111111111111111111
    11110000001000000000001000000000000000001111000000000001111
    00000000001100000000001000000000000000000000000000000000000
    00000000000110000000011000000000000000000000000000000000000
    10100000000011000000110000000000000000001010000000000001001
    10100000000001111111100000000000000000001010000000000001001
    10100000000000010010000000000000000000001010000000000001001
    10100000000000010010000000000000000000001010000000000001001
    10100000000000010010000000000000000000001010000000000001001
    10100000000000010010000000000000000000001010000000000001001
    10100000000000010010000000000000000000001010000000000001001
    10100000000000010010000000000000000000001010000000000001001
    10100000000000010010000000000000000000001010000000000001001
    10100000000000010010000000000000000000001010000000000001001
    11100000000000011110000000000000000000001110000000000001111
    00000000000000000000000000000000000000000000000000000000000
    00000000000000000000000000000000000000000000000000000000000
    11110000000000011110000000000000000000001111000000000001111
    11011111111111111111111111111111111111111111111111111111010
    01000000000000101101000000000000000000010110100000000100010
    01111111111111111111111111111111111111111111111111111111110
    00000000000000000000000000000000000000000000000000000000000
    00000000000000000000000000000000000000000000000000000000000
    00000000000000000000000000000000000000000000000000000000000
    00000000000000000000000000000010100000000000000000000000000
    00000000000000000000000000000010100000000000000000000000000
    00000000000000000000000000000010100000000000000000000000000
    00000000000000000000000000000010100000000000000000000000000
    00000000000000000000000000000010100000000000000000000000000
    00000000000000000000000000000011100000000000000000000000000
