11111111111111111111111111111111111111111111111111111111111
11111111111111111111111111111111111111111111111111111111111
11111111111111111111111111111111111111111111111111111111111
11111111111111111111111111111111111111111111111111111111111
11111111111111111111111111111111111111111111111111111111111
11111100000000111111100000000000000000011111110000000011111
11111100000000111111100000000000000000011111110000000011111
11111100000000111111100000000000000000011111110000000011111
11111100000000111111100000000000000000011111110000000011111
11111100000000111111100000000000000000011111110000000011111
11111100000000111111100000000000000000011111110000000011111
11111100000000111111100000000000000000011111110000000011111
11111100000000111111100000000000000000011111110000000011111
11111100000000111111100000000000000000011111110000000011111
11111111111111111111111111111111111111111111111111111111111
11111111111111111111111111111111111111111111111111111111111
11111111111111111111111111111111111111111111111111111111111
11111111111111111111111111111111111111111111111111111111111
11111111111111111111111111111111111111111111111111111111111
11111111111111111111111111111111111111111111111111111111111
11111100000000111111100000000000000000011111110000000011111
11111100000000111111100000000000000000011111110000000011111
11111100000000111111100000000000000000011111110000000011111
11111100000000111111100000000000000000011111110000000011111
11111100000000111111100000000000000000011111110000000011111
11111100000000111111100000000000000000011111110000000011111
11111100000000111111100000000000000000011111110000000011111
11111100000000111111100000000000000000011111110000000011111
11111100000000111111100000000000000000011111110000000011111
11111100000011111111110000000000000000011111110000000011111
11111100000111111111111000000000000000011111110000000011111
11111100001111111111111100000000000000011111110000000011111
11111100011111111111111110000000000000011111110000000011111
11111100011111100001111110000000000000011111110000000011111
11111111111111000000111111111111111111111111111111111111111
11111111111111000000011111111111111111111111111111111111111
11111111111110000000011111111111111111111111111111111111111
11111111111110000000011111111111111111111111111111111111111
11111111111111000000011111111111111111111111111111111111111
11111111111111000000111111111111111111111111111111111111111
11111100011111100001111110000000000000011111110000000011111
11111100011111111111111110000000000000011111110000000011111
11111100001111111111111100000000000000011111110000000011111
11111100000111111111111000000000000000011111110000000011111
11111100000011111111110000000000000000011111110000000011111
11111100000000111111100000000000000000011111110000000011111
11111100000000111111100000000000000000011111110000000011111
11111100000000111111100000000000000000011111110000000011111
11111100000000111111100000000000000000011111110000000011111
11111100000000111111100000000000000000011111110000000011111
11111100000000111111100000000000000000011111110000000011111
11111100000000111111100000000000000000011111110000000011111
11111100000000111111100000000000000000011111110000000011111
11111100000000111111100000000000000000011111110000000011111
11111111111111111111111111111111111111111111111111111111111
11111111111111111111111111111111111111111111111111111111111
11111111111111111111111111111111111111111111111111111111111
11111111111111111111111111111111111111111111111111111111111
11111111111111111111111111111111111111111111111111111111111
01111111111111111111111111111111111111111111111111111111111
00000000000000000000000000000111111100000000000000000000000
00000000000000000000000000000111111100000000000000000000000
00000000000000000000000000000111111100000000000000000000000
00000000000000000000000000000111111100000000000000000000000
00000000000000000000000000000111111100000000000000000000000
00000000000000000000000000000111111100000000000000000000000
00000000000000000000000000000111111100000000000000000000000
00000000000000000000000000000111111100000000000000000000000
